Mtx: 
998.33 0.00 639.21
0.00 1143.07 443.95
0.00 0.00 1.00
Revcs: 
[array([[0.05076411],
       [0.00995174],
       [0.02489181]]), array([[-0.353778  ],
       [-0.32700408],
       [ 0.65264376]]), array([[-0.06657259],
       [ 0.13586237],
       [-0.56913206]]), array([[0.01610721],
       [0.06661369],
       [0.00472899]]), array([[-0.18214993],
       [-0.22806436],
       [ 0.85159322]]), array([[ 0.21362479],
       [-0.16662748],
       [ 0.01650781]]), array([[ 0.05979932],
       [-0.16849767],
       [-0.54105367]]), array([[ 0.13614597],
       [-0.18657133],
       [ 0.11817778]]), array([[ 0.1414004 ],
       [-0.46835822],
       [ 0.74126849]]), array([[ 0.12833691],
       [ 0.00244275],
       [-0.09816744]]), array([[ 0.25126862],
       [ 0.13237651],
       [-0.16953785]]), array([[ 0.08495207],
       [ 0.41053444],
       [-0.72582016]]), array([[ 0.20284913],
       [ 0.18898661],
       [-0.11009688]]), array([[-0.02261351],
       [ 0.17972399],
       [ 0.07376157]]), array([[-0.07157737],
       [ 0.19462354],
       [ 0.0344386 ]]), array([[0.4427481 ],
       [0.04822413],
       [0.37887389]]), array([[-0.01582408],
       [ 0.15735644],
       [-0.03084725]]), array([[-0.5884458 ],
       [ 0.20719503],
       [ 0.25747867]]), array([[0.39170636],
       [0.17369791],
       [0.3180154 ]]), array([[-0.24636149],
       [ 0.32227142],
       [-0.81678177]])]
Tvecs: 
[array([[-3.35605474],
       [-6.14185957],
       [24.13581678]]), array([[-3.98587486],
       [-8.60544113],
       [27.32100365]]), array([[-4.02833462],
       [-0.61436335],
       [15.54461353]]), array([[-3.75428837],
       [-2.79741208],
       [14.19506844]]), array([[ 1.45809072],
       [-5.01646383],
       [16.97577773]]), array([[-4.93937863],
       [-6.4885855 ],
       [25.97996088]]), array([[-6.3203297 ],
       [-2.99684384],
       [32.95256223]]), array([[ -4.13305671],
       [-10.75571053],
       [ 29.52083295]]), array([[-1.33656936],
       [-9.56769638],
       [28.25551333]]), array([[ 1.48124439],
       [-9.10711298],
       [28.64126328]]), array([[-0.60815822],
       [-2.32422645],
       [25.03284522]]), array([[ 0.59348442],
       [-1.2058855 ],
       [25.17664343]]), array([[-2.08024991],
       [-3.7647504 ],
       [22.90128552]]), array([[-1.04524834],
       [-6.58177854],
       [27.08099758]]), array([[ 1.59356606],
       [-9.15806489],
       [35.1089624 ]]), array([[-1.85424335],
       [-7.85543513],
       [26.91538964]]), array([[-2.8126258 ],
       [ 0.79590073],
       [24.45756003]]), array([[-1.07746133],
       [-4.90528855],
       [30.44261165]]), array([[-2.63797285],
       [-3.95321918],
       [22.82004552]]), array([[-3.92115624],
       [ 2.19943916],
       [26.87787034]])]
Dist: 
[[ 6.58942361e-02 -4.68705985e-01  1.23231217e-03 -6.95244708e-04
   1.06684551e+00]]
